Accessed Elements:	access time us
1	 	 	0.111
2	 	 	0.039
3	 	 	0.046
4	 	 	0.037
5	 	 	0.033
6	 	 	0.032
7	 	 	0.032
8	 	 	0.031
9	 	 	0.032
10	 	 	0.026
11	 	 	0.028
12	 	 	0.03
13	 	 	0.033
14	 	 	0.028
15	 	 	0.031
16	 	 	0.027
17	 	 	0.027
18	 	 	0.027
19	 	 	0.028
20	 	 	0.03
21	 	 	0.027
22	 	 	0.031
23	 	 	0.028
24	 	 	0.028
25	 	 	0.033
26	 	 	0.031
27	 	 	0.029
28	 	 	0.031
29	 	 	0.028
30	 	 	0.032
31	 	 	0.031
32	 	 	0.032
33	 	 	0.027
34	 	 	0.033
35	 	 	0.028
36	 	 	0.027
37	 	 	0.032
38	 	 	0.029
39	 	 	0.027
40	 	 	0.028
41	 	 	0.032
42	 	 	0.033
43	 	 	0.027
44	 	 	0.032
45	 	 	0.028
46	 	 	0.026
47	 	 	0.027
48	 	 	0.027
49	 	 	0.032
50	 	 	0.027
51	 	 	0.031
52	 	 	0.031
53	 	 	0.027
54	 	 	0.033
55	 	 	0.028
56	 	 	0.032
57	 	 	0.031
58	 	 	0.031
59	 	 	0.032
60	 	 	0.026
61	 	 	0.032
62	 	 	0.026
63	 	 	0.032
64	 	 	0.027
65	 	 	0.032
66	 	 	0.027
67	 	 	0.028
68	 	 	0.032
69	 	 	0.03
70	 	 	0.031
71	 	 	0.032
72	 	 	0.034
73	 	 	0.032
74	 	 	0.027
75	 	 	0.027
76	 	 	0.032
77	 	 	0.032
78	 	 	0.032
79	 	 	0.027
80	 	 	0.033
81	 	 	0.028
82	 	 	0.034
83	 	 	0.027
84	 	 	0.029
85	 	 	0.032
86	 	 	0.033
87	 	 	0.032
88	 	 	0.033
89	 	 	0.027
90	 	 	0.027
91	 	 	0.027
92	 	 	0.033
93	 	 	0.032
94	 	 	0.027
95	 	 	0.026
96	 	 	0.031
97	 	 	0.029
98	 	 	0.031
99	 	 	0.028
100	 	 	0.031
101	 	 	0.033
102	 	 	0.031
103	 	 	0.027
104	 	 	0.029
105	 	 	0.032
106	 	 	0.028
107	 	 	0.033
108	 	 	0.031
109	 	 	0.032
110	 	 	0.032
111	 	 	0.028
112	 	 	0.031
113	 	 	0.027
114	 	 	0.027
115	 	 	0.027
116	 	 	0.032
117	 	 	0.03
118	 	 	0.032
119	 	 	0.033
120	 	 	0.031
121	 	 	0.033
122	 	 	0.032
123	 	 	0.027
124	 	 	0.027
125	 	 	0.033
126	 	 	0.029
127	 	 	0.028
128	 	 	0.026
129	 	 	0.028
130	 	 	0.032
131	 	 	0.028
132	 	 	0.027
133	 	 	0.029
134	 	 	0.028
135	 	 	0.029
136	 	 	0.027
137	 	 	0.032
138	 	 	0.028
139	 	 	0.028
140	 	 	0.028
141	 	 	0.038
142	 	 	0.03
143	 	 	0.032
144	 	 	0.031
145	 	 	0.027
146	 	 	0.027
147	 	 	0.033
148	 	 	0.031
149	 	 	0.032
150	 	 	0.028
151	 	 	0.034
152	 	 	0.027
153	 	 	0.029
154	 	 	0.027
155	 	 	0.027
156	 	 	0.031
157	 	 	0.027
158	 	 	0.031
159	 	 	0.032
160	 	 	0.032
161	 	 	0.027
162	 	 	0.027
163	 	 	0.027
164	 	 	0.031
165	 	 	0.029
166	 	 	0.026
167	 	 	0.028
168	 	 	0.037
169	 	 	0.032
170	 	 	0.033
171	 	 	0.032
172	 	 	0.033
173	 	 	0.027
174	 	 	0.028
175	 	 	0.027
176	 	 	0.029
177	 	 	0.031
178	 	 	0.027
179	 	 	0.032
180	 	 	0.031
181	 	 	0.031
182	 	 	0.026
183	 	 	0.027
184	 	 	0.032
185	 	 	0.032
186	 	 	0.031
187	 	 	0.031
188	 	 	0.026
189	 	 	0.028
190	 	 	0.026
191	 	 	0.032
192	 	 	0.031
193	 	 	0.03
194	 	 	0.027
195	 	 	0.032
196	 	 	0.026
197	 	 	0.027
198	 	 	0.032
199	 	 	0.027
200	 	 	0.026
201	 	 	0.032
202	 	 	0.033
203	 	 	0.031
204	 	 	0.026
205	 	 	0.027
206	 	 	0.026
207	 	 	0.032
208	 	 	0.027
209	 	 	0.028
210	 	 	0.028
211	 	 	0.03
212	 	 	0.032
213	 	 	0.028
214	 	 	0.027
215	 	 	0.027
216	 	 	0.026
217	 	 	0.031
218	 	 	0.027
219	 	 	0.032
220	 	 	0.031
221	 	 	0.032
222	 	 	0.027
223	 	 	0.032
224	 	 	0.028
225	 	 	0.028
226	 	 	0.027
227	 	 	0.031
228	 	 	0.028
229	 	 	0.032
230	 	 	0.034
231	 	 	0.027
232	 	 	0.029
233	 	 	0.026
234	 	 	0.028
235	 	 	0.029
236	 	 	0.032
237	 	 	0.031
238	 	 	0.026
239	 	 	0.028
240	 	 	0.027
241	 	 	0.026
242	 	 	0.027
243	 	 	0.028
244	 	 	0.033
245	 	 	0.027
246	 	 	0.026
247	 	 	0.029
248	 	 	0.027
249	 	 	0.033
250	 	 	0.028
251	 	 	0.032
252	 	 	0.028
253	 	 	0.033
254	 	 	0.027
255	 	 	0.027
256	 	 	0.027
257	 	 	0.027
258	 	 	0.032
259	 	 	0.026
260	 	 	0.028
261	 	 	0.027
262	 	 	0.027
263	 	 	0.026
264	 	 	0.032
265	 	 	0.032
266	 	 	0.029
267	 	 	0.031
268	 	 	0.029
269	 	 	0.027
270	 	 	0.027
271	 	 	0.027
272	 	 	0.028
273	 	 	0.027
274	 	 	0.026
275	 	 	0.031
276	 	 	0.029
277	 	 	0.032
278	 	 	0.033
279	 	 	0.033
280	 	 	0.028
281	 	 	0.032
282	 	 	0.032
283	 	 	0.029
284	 	 	0.033
285	 	 	0.027
286	 	 	0.028
287	 	 	0.028
288	 	 	0.031
289	 	 	0.027
290	 	 	0.033
291	 	 	0.027
292	 	 	0.032
293	 	 	0.032
294	 	 	0.027
295	 	 	0.027
296	 	 	0.028
297	 	 	0.029
298	 	 	0.027
299	 	 	0.027
300	 	 	0.034
301	 	 	0.038
302	 	 	0.029
303	 	 	0.03
304	 	 	0.027
305	 	 	0.027
306	 	 	0.027
307	 	 	0.032
308	 	 	0.033
309	 	 	0.031
310	 	 	0.032
311	 	 	0.027
312	 	 	0.034
313	 	 	0.028
314	 	 	0.033
315	 	 	0.028
316	 	 	0.027
317	 	 	0.034
318	 	 	0.032
319	 	 	0.032
320	 	 	0.028
321	 	 	0.027
322	 	 	0.03
323	 	 	0.026
324	 	 	0.027
325	 	 	0.032
326	 	 	0.033
327	 	 	0.027
328	 	 	0.026
329	 	 	0.033
330	 	 	0.028
331	 	 	0.027
332	 	 	0.027
333	 	 	0.032
334	 	 	0.033
335	 	 	0.032
336	 	 	0.033
337	 	 	0.033
338	 	 	0.028
339	 	 	0.032
340	 	 	0.028
341	 	 	0.032
342	 	 	0.032
343	 	 	0.031
344	 	 	0.029
345	 	 	0.033
346	 	 	0.032
347	 	 	0.027
348	 	 	0.033
349	 	 	0.026
350	 	 	0.026
351	 	 	0.027
352	 	 	0.032
353	 	 	0.033
354	 	 	0.031
355	 	 	0.027
356	 	 	0.032
357	 	 	0.027
358	 	 	0.027
359	 	 	0.033
360	 	 	0.026
361	 	 	0.031
362	 	 	0.027
363	 	 	0.032
364	 	 	0.028
365	 	 	0.026
366	 	 	0.034
367	 	 	0.034
368	 	 	0.033
369	 	 	0.028
370	 	 	0.03
371	 	 	0.034
372	 	 	0.029
373	 	 	0.034
374	 	 	0.027
375	 	 	0.028
376	 	 	0.031
377	 	 	0.026
378	 	 	0.031
379	 	 	0.031
380	 	 	0.029
381	 	 	0.034
382	 	 	0.032
383	 	 	0.027
384	 	 	0.031
385	 	 	0.027
386	 	 	0.029
387	 	 	0.032
388	 	 	0.027
389	 	 	0.029
390	 	 	0.028
391	 	 	0.033
392	 	 	0.031
393	 	 	0.029
394	 	 	0.027
395	 	 	0.035
396	 	 	0.027
397	 	 	0.033
398	 	 	0.027
399	 	 	0.03
